680 680 680 680 680 680 680 680 680 680 680 680 680 680 680 680 680 680 680 680 680 680 680 680 680 680 680 680 680 680 680 680 680 680 680 680 680 680 680 680 680 680 680 680 680 680 680 680
680 680 680 680 680 680 680 680 680 680 680 680 680 680 680 680 680 680 680 680 680 680 680 680 680 680 680 680 680 680 680 680 680 680 680 680 680 680 680 680 680 680 680 680 680 680 680 680
680 680 680 680 680 680 680 680 680 680 680 680 680 680 680 680 680 680 680 680 680 680 680 680 680 680 680 680 680 680 680 680 680 680 680 680 680 680 680 680 680 680 680 680 680 680 680 680
680 680 680 680 680 680 680 680 680 680 680 680 680 680 680 680 680 680 680 680 680 680 680 680 680 680 680 680 680 680 680 680 680 680 680 680 680 680 680 680 680 680 680 680 680 680 680 680
680 680 680 680 680 680 680 680 680 680 680 680 680 680 680 680 680 680 680 680 680 680 680 680 680 680 680 680 680 680 680 680 680 680 680 680 680 680 680 680 680 680 680 680 680 680 680 680
680 680 680 680 680 680 680 680 680 680 680 680 680 680 680 680 680 680 680 680 680 680 680 680 680 680 680 680 680 680 680 680 680 680 680 680 680 680 680 680 680 680 680 680 680 680 680 680
680 680 680 680 680 680 680 680 680 680 680 680 680 680 680 680 680 680 680 680 680 680 680 680 680 680 680 680 680 680 680 680 680 680 680 680 680 680 680 680 680 680 680 680 680 680 680 680
680 680 680 680 680 680 680 680 680 680 680 680 680 680 680 680 680 680 680 680 680 680 680 680 680 680 680 680 680 680 680 680 680 680 680 680 680 680 680 680 680 680 680 680 680 680 680 680
680 680 680 680 680 680 680 680 680 680 680 680 680 680 680 680 680 680 680 680 680 680 680 680 680 680 680 680 680 680 680 680 680 680 680 680 680 680 680 680 680 680 680 680 680 680 680 680
680 680 680 680 680 680 680 680 680 680 680 680 680 680 680 680 680 680 680 680 680 680 680 680 680 680 680 680 680 680 680 680 680 680 680 680 680 680 680 680 680 680 680 680 680 680 680 680
680 680 680 680 680 680 680 680 680 680 680 680 680 680 680 680 680 713 713 713 713 713 713 713 713 713 713 713 713 680 680 680 680 680 680 680 680 680 680 680 680 680 680 680 680 680 680 680
680 680 680 680 680 680 680 680 680 680 680 680 680 680 680 680 680 713 778 779 780 781 782 783 784 785 713 713 713 680 680 680 680 680 680 680 680 680 680 680 680 680 680 680 680 680 680 680
680 680 680 680 680 680 680 680 680 680 680 680 680 680 680 680 680 713 786 787 788 789 790 791 792 795 713 713 713 680 680 680 680 680 680 680 680 680 680 680 680 680 680 680 680 680 680 680
680 680 680 680 680 680 680 680 680 680 680 680 680 680 680 680 680 713 796 798 799 913 913 900 901 902 713 713 713 680 680 680 680 680 680 680 680 680 680 680 680 680 680 680 680 680 680 680
680 680 680 680 680 680 680 680 680 680 680 680 680 680 680 680 680 713 913 913 913 913 913 913 913 913 713 713 713 680 680 680 680 680 680 680 680 680 680 680 680 680 680 680 680 680 680 680
680 680 680 680 680 680 680 680 680 680 680 680 680 680 680 680 680 713 913 913 903 904 905 906 907 913 713 713 713 680 680 680 680 680 680 680 680 680 680 680 680 680 680 680 680 680 680 680
680 680 680 680 680 680 680 680 680 680 680 680 680 680 680 680 680 713 913 913 908 909 910 911 912 913 713 713 713 680 680 680 680 680 680 680 680 680 680 680 680 680 680 680 680 680 680 680
680 680 680 680 680 680 680 680 680 680 680 680 680 680 680 680 680 713 913 913 913 913 913 913 913 913 713 713 713 680 680 680 680 680 680 680 680 680 680 680 680 680 680 680 680 680 680 680
680 680 680 680 680 680 680 680 680 680 680 680 680 680 680 680 680 713 914 915 916 917 913 913 919 920 713 713 713 680 680 680 680 680 680 680 680 680 680 680 680 680 680 680 680 680 680 680
680 680 680 680 680 680 680 680 680 680 680 680 680 680 680 680 680 713 921 922 923 924 913 913 925 926 713 713 713 680 680 680 680 680 680 680 680 680 680 680 680 680 680 680 680 680 680 680
680 680 680 680 680 680 680 680 680 680 680 680 680 680 680 680 680 713 713 713 713 713 713 713 713 713 713 713 713 713 680 680 680 680 680 680 680 680 680 680 680 680 680 680 680 680 680 680 680
680 680 680 680 680 680 680 680 680 680 680 680 680 680 680 680 680 713 713 713 713 713 713 713 713 713 713 713 713 680 680 680 680 680 680 680 680 680 680 680 680 680 680 680 680 680 680 680
680 680 680 680 680 680 680 680 680 680 680 680 680 680 680 680 680 713 713 713 713 713 713 713 713 713 713 713 713 680 680 680 680 680 680 680 680 680 680 680 680 680 680 680 680 680 680 680
680 680 680 680 680 680 680 680 680 680 680 680 680 680 680 680 680 680 680 680 680 680 680 680 680 680 680 680 680 680 680 680 680 680 680 680 680 680 680 680 680 680 680 680 680 680 680 680
680 680 680 680 680 680 680 680 680 680 680 680 680 680 680 680 680 680 680 680 680 680 680 680 680 680 680 680 680 680 680 680 680 680 680 680 680 680 680 680 680 680 680 680 680 680 680 680
680 680 680 680 680 680 680 680 680 680 680 680 680 680 680 680 680 680 680 680 680 680 680 680 680 680 680 680 680 680 680 680 680 680 680 680 680 680 680 680 680 680 680 680 680 680 680 680
680 680 680 680 680 680 680 680 680 680 680 680 680 680 680 680 680 680 680 680 680 680 680 680 680 680 680 680 680 680 680 680 680 680 680 680 680 680 680 680 680 680 680 680 680 680 680 680
680 680 680 680 680 680 680 680 680 680 680 680 680 680 680 680 680 680 680 680 680 680 680 680 680 680 680 680 680 680 680 680 680 680 680 680 680 680 680 680 680 680 680 680 680 680 680 680
680 680 680 680 680 680 680 680 680 680 680 680 680 680 680 680 680 680 680 680 680 680 680 680 680 680 680 680 680 680 680 680 680 680 680 680 680 680 680 680 680 680 680 680 680 680 680 680
680 680 680 680 680 680 680 680 680 680 680 680 680 680 680 680 680 680 680 680 680 680 680 680 680 680 680 680 680 680 680 680 680 680 680 680 680 680 680 680 680 680 680 680 680 680 680 680
680 680 680 680 680 680 680 680 680 680 680 680 680 680 680 680 680 680 680 680 680 680 680 680 680 680 680 680 680 680 680 680 680 680 680 680 680 680 680 680 680 680 680 680 680 680 680 680
680 680 680 680 680 680 680 680 680 680 680 680 680 680 680 680 680 680 680 680 680 680 680 680 680 680 680 680 680 680 680 680 680 680 680 680 680 680 680 680 680 680 680 680 680 680 680 680
680 680 680 680 680 680 680 680 680 680 680 680 680 680 680 680 680 680 680 680 680 680 680 680 680 680 680 680 680 680 680 680 680 680 680 680 680 680 680 680 680 680 680 680 680 680 680 680
