680 680 680 680 680 680 680 680 680 680 680 680 680 680 680 680 680 680 680 680 680 680 680 680 680 680 680 680 680 680 680 680 680 680 680 680 680 680 680 680 680 680 680 680 680 680 680 680
680 680 680 680 680 680 680 680 680 680 680 680 680 680 680 680 680 680 680 680 680 680 680 680 680 680 680 680 680 680 680 680 680 680 680 680 680 680 680 680 680 680 680 680 680 680 680 680
680 680 680 680 680 680 680 680 680 680 680 680 680 680 680 680 680 680 680 680 680 680 680 680 680 680 680 680 680 680 680 680 680 680 680 680 680 680 680 680 680 680 680 680 680 680 680 680
680 680 680 680 680 680 680 680 680 680 680 680 680 680 680 680 680 680 680 680 680 680 680 680 680 680 680 680 680 680 680 680 680 680 680 680 680 680 680 680 680 680 680 680 680 680 680 680
680 680 680 680 680 680 680 680 680 680 680 680 680 680 680 680 680 680 680 680 680 680 680 680 680 680 680 680 680 680 680 680 680 680 680 680 680 680 680 680 680 680 680 680 680 680 680 680
680 680 680 680 680 680 680 680 680 680 680 680 680 680 680 680 680 680 680 680 680 680 680 680 680 680 680 680 680 680 680 680 680 680 680 680 680 680 680 680 680 680 680 680 680 680 680 680
680 680 680 680 680 680 680 680 680 680 680 680 680 680 680 680 680 680 680 680 680 680 680 680 680 680 680 680 680 680 680 680 680 680 680 680 680 680 680 680 680 680 680 680 680 680 680 680
680 680 680 680 680 680 680 680 680 680 680 680 680 680 680 680 680 680 680 680 680 680 680 680 680 680 680 680 680 680 680 680 680 680 680 680 680 680 680 680 680 680 680 680 680 680 680 680
680 680 680 680 680 680 680 680 680 680 680 680 680 680 680 680 680 680 680 680 680 680 680 680 680 680 680 680 680 680 680 680 680 680 680 680 680 680 680 680 680 680 680 680 680 680 680 680
680 680 680 680 680 680 680 680 680 680 680 680 680 680 680 680 680 680 680 680 680 680 680 680 680 680 680 680 680 680 680 680 680 680 680 680 680 680 680 680 680 680 680 680 680 680 680 680
680 680 680 680 680 680 680 680 680 680 680 680 680 680 680 680 680 713 714 714 715 715 715 715 715 715 715 713 713 680 680 680 680 680 680 680 680 680 680 680 680 680 680 680 680 680 680 680
680 680 680 680 680 680 680 680 680 680 680 680 680 680 680 680 680 713 716 717 718 719 720 721 722 723 724 713 713 680 680 680 680 680 680 680 680 680 680 680 680 680 680 680 680 680 680 680
680 680 680 680 680 680 680 680 680 680 680 680 680 680 680 680 680 713 725 726 744 727 728 729 744 744 730 713 713 680 680 680 680 680 680 680 680 680 680 680 680 680 680 680 680 680 680 680
680 680 680 680 680 680 680 680 680 680 680 680 680 680 680 680 680 713 744 744 744 744 744 744 744 744 744 713 713 680 680 680 680 680 680 680 680 680 680 680 680 680 680 680 680 680 680 680
680 680 680 680 680 680 680 680 680 680 680 680 680 680 680 680 680 713 744 744 731 735 735 733 744 744 744 713 713 680 680 680 680 680 680 680 680 680 680 680 680 680 680 680 680 680 680 680
680 680 680 680 680 680 680 680 680 680 680 680 680 680 680 680 680 713 744 744 734 735 735 736 744 744 738 713 713 680 680 680 680 680 680 680 680 680 680 680 680 680 680 680 680 680 680 680
680 680 680 680 680 680 680 680 680 680 680 680 680 680 680 680 680 713 744 744 739 740 741 745 744 744 742 713 713 680 680 680 680 680 680 680 680 680 680 680 680 680 680 680 680 680 680 680
680 680 680 680 680 680 680 680 680 680 680 680 680 680 680 680 680 713 744 744 744 744 744 744 744 744 743 713 713 680 680 680 680 680 680 680 680 680 680 680 680 680 680 680 680 680 680 680
680 680 680 680 680 680 680 680 680 680 680 680 680 680 680 680 680 713 744 744 679 679 744 744 744 744 744 713 713 680 680 680 680 680 680 680 680 680 680 680 680 680 680 680 680 680 680 680
680 680 680 680 680 680 680 680 680 680 680 680 680 680 680 680 680 713 713 713 713 713 713 713 713 713 713 680 713 680 680 680 680 680 680 680 680 680 680 680 680 680 680 680 680 680 680 680
680 680 680 680 680 680 680 680 680 680 680 680 680 680 680 680 680 680 680 680 680 680 680 680 680 680 680 680 713 680 680 680 680 680 680 680 680 680 680 680 680 680 680 680 680 680 680 680
680 680 680 680 680 680 680 680 680 680 680 680 680 680 680 680 680 680 680 680 680 680 680 680 680 680 680 680 713 680 680 680 680 680 680 680 680 680 680 680 680 680 680 680 680 680 680 680
680 680 680 680 680 680 680 680 680 680 680 680 680 680 680 680 680 680 680 680 680 680 680 680 680 680 680 680 713 680 680 680 680 680 680 680 680 680 680 680 680 680 680 680 680 680 680 680
680 680 680 680 680 680 680 680 680 680 680 680 680 680 680 680 680 680 680 680 680 680 680 680 680 680 680 680 713 680 680 680 680 680 680 680 680 680 680 680 680 680 680 680 680 680 680 680
680 680 680 680 680 680 680 680 680 680 680 680 680 680 680 680 680 680 680 680 680 680 680 680 680 680 680 680 680 680 680 680 680 680 680 680 680 680 680 680 680 680 680 680 680 680 680 680
680 680 680 680 680 680 680 680 680 680 680 680 680 680 680 680 680 680 680 680 680 680 680 680 680 680 680 680 680 680 680 680 680 680 680 680 680 680 680 680 680 680 680 680 680 680 680 680
680 680 680 680 680 680 680 680 680 680 680 680 680 680 680 680 680 680 680 680 680 680 680 680 680 680 680 680 680 680 680 680 680 680 680 680 680 680 680 680 680 680 680 680 680 680 680 680
680 680 680 680 680 680 680 680 680 680 680 680 680 680 680 680 680 680 680 680 680 680 680 680 680 680 680 680 680 680 680 680 680 680 680 680 680 680 680 680 680 680 680 680 680 680 680 680
680 680 680 680 680 680 680 680 680 680 680 680 680 680 680 680 680 680 680 680 680 680 680 680 680 680 680 680 680 680 680 680 680 680 680 680 680 680 680 680 680 680 680 680 680 680 680 680
680 680 680 680 680 680 680 680 680 680 680 680 680 680 680 680 680 680 680 680 680 680 680 680 680 680 680 680 680 680 680 680 680 680 680 680 680 680 680 680 680 680 680 680 680 680 680 680
680 680 680 680 680 680 680 680 680 680 680 680 680 680 680 680 680 680 680 680 680 680 680 680 680 680 680 680 680 680 680 680 680 680 680 680 680 680 680 680 680 680 680 680 680 680 680 680
680 680 680 680 680 680 680 680 680 680 680 680 680 680 680 680 680 680 680 680 680 680 680 680 680 680 680 680 680 680 680 680 680 680 680 680 680 680 680 680 680 680 680 680 680 680 680 680
680 680 680 680 680 680 680 680 680 680 680 680 680 680 680 680 680 680 680 680 680 680 680 680 680 680 680 680 680 680 680 680 680 680 680 680 680 680 680 680 680 680 680 680 680 680 680 680
680 680 680 680 680 680 680 680 680 680 680 680 680 680 680 680 680 680 680 680 680 680 680 680 680 680 680 680 680 680 680 680 680 680 680 680 680 680 680 680 680 680 680 680 680 680 680 680
