680 680 680 680 680 680 680 680 680 680 680 680 680 680 680 680 680 680 680 680 680 680 680 680 680 680 680 680 680 680 680 680 680 680 680 680 680 680 680 680 680 680 680 680 680 680 680 680
680 680 680 680 680 680 680 680 680 680 680 680 680 680 680 680 680 680 680 680 680 680 680 680 680 680 680 680 680 680 680 680 680 680 680 680 680 680 680 680 680 680 680 680 680 680 680 680
680 680 680 680 680 680 680 680 680 680 680 680 680 680 680 680 680 680 680 680 680 680 680 680 680 680 680 680 680 680 680 680 680 680 680 680 680 680 680 680 680 680 680 680 680 680 680 680
680 680 680 680 680 680 680 680 680 680 680 680 680 680 680 680 680 680 680 680 680 680 680 680 680 680 680 680 680 680 680 680 680 680 680 680 680 680 680 680 680 680 680 680 680 680 680 680
680 680 680 680 680 680 680 680 680 680 680 680 680 680 680 680 680 680 680 680 680 680 680 680 680 680 680 680 680 680 680 680 680 680 680 680 680 680 680 680 680 680 680 680 680 680 680 680
680 680 680 680 680 680 680 680 680 680 680 680 680 680 680 680 680 680 680 680 680 680 680 680 680 680 680 680 680 680 680 680 680 680 680 680 680 680 680 680 680 680 680 680 680 680 680 680
680 680 680 680 680 680 680 680 680 680 680 680 680 680 680 680 680 680 680 680 680 680 680 680 680 680 680 680 680 680 680 680 680 680 680 680 680 680 680 680 680 680 680 680 680 680 680 680
680 680 680 680 680 680 680 680 680 680 680 680 680 680 680 680 680 680 680 680 680 680 680 680 680 680 680 680 680 680 680 680 680 680 680 680 680 680 680 680 680 680 680 680 680 680 680 680
680 680 680 680 680 680 680 680 680 680 680 680 680 680 680 680 680 680 680 680 680 680 680 680 680 680 680 680 680 680 680 680 680 680 680 680 680 680 680 680 680 680 680 680 680 680 680 680
680 680 680 680 680 680 680 680 680 680 680 680 680 680 680 680 680 680 680 680 680 680 680 680 680 680 680 680 680 680 680 680 680 680 680 680 680 680 680 680 680 680 680 680 680 680 680 680
680 680 680 680 680 680 680 680 680 680 680 680 680 680 680 680 680 748 746 747 748 748 749 750 748 713 713 713 713 680 680 680 680 680 680 680 680 680 680 680 680 680 680 680 680 680 680 680
680 680 680 680 680 680 680 680 680 680 680 680 680 680 680 680 680 757 751 752 753 754 755 756 757 713 713 713 713 680 680 680 680 680 680 680 680 680 680 680 680 680 680 680 680 680 680 680
680 680 680 680 680 680 680 680 680 680 680 680 680 680 680 680 680 744 758 759 760 761 744 1250 1251 713 713 713 713 680 680 680 680 680 680 680 680 680 680 680 680 680 680 680 680 680 680 680
680 680 680 680 680 680 680 680 680 680 680 680 680 680 680 680 680 762 744 744 744 744 744 1252 1253 713 713 713 713 680 680 680 680 680 680 680 680 680 680 680 680 680 680 680 680 680 680 680
680 680 680 680 680 680 680 680 680 680 680 680 680 680 680 680 680 744 763 764 765 744 744 766 767 713 713 713 713 680 680 680 680 680 680 680 680 680 680 680 680 680 680 680 680 680 680 680
680 680 680 680 680 680 680 680 680 680 680 680 680 680 680 680 680 744 768 769 770 744 744 771 772 713 713 713 713 680 680 680 680 680 680 680 680 680 680 680 680 680 680 680 680 680 680 680
680 680 680 680 680 680 680 680 680 680 680 680 680 680 680 680 680 744 744 773 744 744 744 774 775 713 713 713 713 680 680 680 680 680 680 680 680 680 680 680 680 680 680 680 680 680 680 680
680 680 680 680 680 680 680 680 680 680 680 680 680 680 680 680 680 744 744 744 744 744 744 776 777 713 713 713 713 680 680 680 680 680 680 680 680 680 680 680 680 680 680 680 680 680 680 680
680 680 680 680 680 680 680 680 680 680 680 680 680 680 680 680 680 713 713 713 713 713 713 713 713 713 713 713 713 680 680 680 680 680 680 680 680 680 680 680 680 680 680 680 680 680 680 680
680 680 680 680 680 680 680 680 680 680 680 680 680 680 680 680 680 713 713 713 713 713 713 713 713 713 713 680 713 680 680 680 680 680 680 680 680 680 680 680 680 680 680 680 680 680 680 680
680 680 680 680 680 680 680 680 680 680 680 680 680 680 680 680 680 680 680 680 680 680 680 680 680 680 680 680 713 680 680 680 680 680 680 680 680 680 680 680 680 680 680 680 680 680 680 680
680 680 680 680 680 680 680 680 680 680 680 680 680 680 680 680 680 680 680 680 680 680 680 680 680 680 680 680 713 680 680 680 680 680 680 680 680 680 680 680 680 680 680 680 680 680 680 680
680 680 680 680 680 680 680 680 680 680 680 680 680 680 680 680 680 680 680 680 680 680 680 680 680 680 680 680 713 680 680 680 680 680 680 680 680 680 680 680 680 680 680 680 680 680 680 680
680 680 680 680 680 680 680 680 680 680 680 680 680 680 680 680 680 680 680 680 680 680 680 680 680 680 680 680 713 680 680 680 680 680 680 680 680 680 680 680 680 680 680 680 680 680 680 680
680 680 680 680 680 680 680 680 680 680 680 680 680 680 680 680 680 680 680 680 680 680 680 680 680 680 680 680 680 680 680 680 680 680 680 680 680 680 680 680 680 680 680 680 680 680 680 680
680 680 680 680 680 680 680 680 680 680 680 680 680 680 680 680 680 680 680 680 680 680 680 680 680 680 680 680 680 680 680 680 680 680 680 680 680 680 680 680 680 680 680 680 680 680 680 680
680 680 680 680 680 680 680 680 680 680 680 680 680 680 680 680 680 680 680 680 680 680 680 680 680 680 680 680 680 680 680 680 680 680 680 680 680 680 680 680 680 680 680 680 680 680 680 680
680 680 680 680 680 680 680 680 680 680 680 680 680 680 680 680 680 680 680 680 680 680 680 680 680 680 680 680 680 680 680 680 680 680 680 680 680 680 680 680 680 680 680 680 680 680 680 680
680 680 680 680 680 680 680 680 680 680 680 680 680 680 680 680 680 680 680 680 680 680 680 680 680 680 680 680 680 680 680 680 680 680 680 680 680 680 680 680 680 680 680 680 680 680 680 680
680 680 680 680 680 680 680 680 680 680 680 680 680 680 680 680 680 680 680 680 680 680 680 680 680 680 680 680 680 680 680 680 680 680 680 680 680 680 680 680 680 680 680 680 680 680 680 680
680 680 680 680 680 680 680 680 680 680 680 680 680 680 680 680 680 680 680 680 680 680 680 680 680 680 680 680 680 680 680 680 680 680 680 680 680 680 680 680 680 680 680 680 680 680 680 680
680 680 680 680 680 680 680 680 680 680 680 680 680 680 680 680 680 680 680 680 680 680 680 680 680 680 680 680 680 680 680 680 680 680 680 680 680 680 680 680 680 680 680 680 680 680 680 680
680 680 680 680 680 680 680 680 680 680 680 680 680 680 680 680 680 680 680 680 680 680 680 680 680 680 680 680 680 680 680 680 680 680 680 680 680 680 680 680 680 680 680 680 680 680 680 680
680 680 680 680 680 680 680 680 680 680 680 680 680 680 680 680 680 680 680 680 680 680 680 680 680 680 680 680 680 680 680 680 680 680 680 680 680 680 680 680 680 680 680 680 680 680 680 680
