680 680 680 680 680 680 680 680 680 680 680 680 680 680 680 680 680 680 680 680 680 680 680 680 680 680 680 680 680 680 680 680 680 680 680 680 680 680 680 680 680 680 680 680 680 680 680 680
680 680 680 680 680 680 680 680 680 680 680 680 680 680 680 680 680 680 680 680 680 680 680 680 680 680 680 680 680 680 680 680 680 680 680 680 680 680 680 680 680 680 680 680 680 680 680 680
680 680 680 680 680 680 680 680 680 680 680 680 680 680 680 680 680 680 680 680 680 680 680 680 680 680 680 680 680 680 680 680 680 680 680 680 680 680 680 680 680 680 680 680 680 680 680 680
680 680 680 680 680 680 680 680 680 680 680 680 680 680 680 680 680 680 680 680 680 680 680 680 680 680 680 680 680 680 680 680 680 680 680 680 680 680 680 680 680 680 680 680 680 680 680 680
680 680 680 680 680 680 680 680 680 680 680 680 680 680 680 680 680 680 680 680 680 680 680 680 680 680 680 680 680 680 680 680 680 680 680 680 680 680 680 680 680 680 680 680 680 680 680 680
680 680 680 680 680 680 680 680 680 680 680 680 680 680 680 680 680 680 680 680 680 680 680 680 680 680 680 680 680 680 680 680 680 680 680 680 680 680 680 680 680 680 680 680 680 680 680 680
680 680 680 680 680 680 680 680 680 680 680 680 680 680 680 680 680 680 680 680 680 680 680 680 680 680 680 680 680 680 680 680 680 680 680 680 680 680 680 680 680 680 680 680 680 680 680 680
680 680 680 680 680 680 680 680 680 680 680 680 680 680 680 680 680 680 680 680 680 680 680 680 680 680 680 680 680 680 680 680 680 680 680 680 680 680 680 680 680 680 680 680 680 680 680 680
680 680 680 680 680 680 680 680 680 680 680 680 680 680 680 680 680 680 680 680 680 680 680 680 680 680 680 680 680 680 680 680 680 680 680 680 680 680 680 680 680 680 680 680 680 680 680 680
680 680 680 680 680 680 680 680 680 680 680 680 680 680 680 680 680 680 680 680 680 680 680 680 680 680 680 680 680 680 680 680 680 680 680 680 680 680 680 680 680 680 680 680 680 680 680 680
680 680 680 680 680 680 680 680 680 680 680 680 680 680 680 680 680 713 713 713 713 713 713 713 713 713 713 713 713 680 680 680 680 680 680 680 680 680 680 680 680 680 680 680 680 680 680 680
680 680 680 680 680 680 680 680 680 680 680 680 680 680 680 680 680 713 1120 1120 1120 1120 1122 1123 1124 1125 1128 1128 713 680 680 680 680 680 680 680 680 680 680 680 680 680 680 680 680 680 680 680
680 680 680 680 680 680 680 680 680 680 680 680 680 680 680 680 680 713 1121 1129 1130 1121 1131 1132 1126 1127 1133 1134 713 680 680 680 680 680 680 680 680 680 680 680 680 680 680 680 680 680 680 680
680 680 680 680 680 680 680 680 680 680 680 680 680 680 680 680 680 713 1139 1135 1136 1139 1139 1139 1139 1139 1137 1138 713 680 680 680 680 680 680 680 680 680 680 680 680 680 680 680 680 680 680 680
680 680 680 680 680 680 680 680 680 680 680 680 680 680 680 680 680 713 1139 1139 1139 1139 1266 1267 1139 1139 1139 1139 713 680 680 680 680 680 680 680 680 680 680 680 680 680 680 680 680 680 680 680
680 680 680 680 680 680 680 680 680 680 680 680 680 680 680 680 680 713 1139 1139 1139 1139 1268 1269 1139 1139 1139 1139 713 680 680 680 680 680 680 680 680 680 680 680 680 680 680 680 680 680 680 680
680 680 680 680 680 680 680 680 680 680 680 680 680 680 680 680 680 713 1139 1139 1140 1141 1139 1139 1140 1141 1139 1139 713 680 680 680 680 680 680 680 680 680 680 680 680 680 680 680 680 680 680 680
680 680 680 680 680 680 680 680 680 680 680 680 680 680 680 680 680 713 1139 1139 1142 1143 1139 1139 1142 1143 1139 1139 713 680 680 680 680 680 680 680 680 680 680 680 680 680 680 680 680 680 680 680
680 680 680 680 680 680 680 680 680 680 680 680 680 680 680 680 680 713 1145 1139 1144 1144 1139 1139 1144 1144 1139 1145 713 680 680 680 680 680 680 680 680 680 680 680 680 680 680 680 680 680 680 680
680 680 680 680 680 680 680 680 680 680 680 680 680 680 680 680 680 713 1146 1139 1139 1139 1139 1139 1139 1139 1139 1146 713 680 680 680 680 680 680 680 680 680 680 680 680 680 680 680 680 680 680 680
680 680 680 680 680 680 680 680 680 680 680 680 680 680 680 680 680 713 1147 1139 1139 1139 1139 1139 1139 1139 1139 1147 713 713 680 680 680 680 680 680 680 680 680 680 680 680 680 680 680 680 680 680 680
680 680 680 680 680 680 680 680 680 680 680 680 680 680 680 680 680 713 1139 1139 1139 1139 1148 1149 1139 1139 1139 1139 680 680 680 680 680 680 680 680 680 680 680 680 680 680 680 680 680 680 680
680 680 680 680 680 680 680 680 680 680 680 680 680 680 680 680 680 713 713 713 713 713 713 713 713 713 713 713 713 680 680 680 680 680 680 680 680 680 680 680 680 680 680 680 680 680 680 680
680 680 680 680 680 680 680 680 680 680 680 680 680 680 680 680 680 680 680 680 680 680 680 680 680 680 680 680 680 680 680 680 680 680 680 680 680 680 680 680 680 680 680 680 680 680 680 680
680 680 680 680 680 680 680 680 680 680 680 680 680 680 680 680 680 680 680 680 680 680 680 680 680 680 680 680 680 680 680 680 680 680 680 680 680 680 680 680 680 680 680 680 680 680 680 680
680 680 680 680 680 680 680 680 680 680 680 680 680 680 680 680 680 680 680 680 680 680 680 680 680 680 680 680 680 680 680 680 680 680 680 680 680 680 680 680 680 680 680 680 680 680 680 680
680 680 680 680 680 680 680 680 680 680 680 680 680 680 680 680 680 680 680 680 680 680 680 680 680 680 680 680 680 680 680 680 680 680 680 680 680 680 680 680 680 680 680 680 680 680 680 680
680 680 680 680 680 680 680 680 680 680 680 680 680 680 680 680 680 680 680 680 680 680 680 680 680 680 680 680 680 680 680 680 680 680 680 680 680 680 680 680 680 680 680 680 680 680 680 680
680 680 680 680 680 680 680 680 680 680 680 680 680 680 680 680 680 680 680 680 680 680 680 680 680 680 680 680 680 680 680 680 680 680 680 680 680 680 680 680 680 680 680 680 680 680 680 680
680 680 680 680 680 680 680 680 680 680 680 680 680 680 680 680 680 680 680 680 680 680 680 680 680 680 680 680 680 680 680 680 680 680 680 680 680 680 680 680 680 680 680 680 680 680 680 680
680 680 680 680 680 680 680 680 680 680 680 680 680 680 680 680 680 680 680 680 680 680 680 680 680 680 680 680 680 680 680 680 680 680 680 680 680 680 680 680 680 680 680 680 680 680 680 680
680 680 680 680 680 680 680 680 680 680 680 680 680 680 680 680 680 680 680 680 680 680 680 680 680 680 680 680 680 680 680 680 680 680 680 680 680 680 680 680 680 680 680 680 680 680 680 680
680 680 680 680 680 680 680 680 680 680 680 680 680 680 680 680 680 680 680 680 680 680 680 680 680 680 680 680 680 680 680 680 680 680 680 680 680 680 680 680 680 680 680 680 680 680 680 680
