1 1 1 1 1 2 0 0 0 0 0 0 0 0 0 0 0 0 0 0 0 0 0 0 0 0 0 0 0 0 0 0 0 0 0 0 0 0 0 0 0 0 0
1 1 1 2 0 3 0 4 5 5 5 5 5 5 5 5 5 5 8 9 10 11 12 5 41 42 43 44 5 5 5 5 5 5 5 5 5 5 5 5 6 153 1
0 0 0 3 0 3 0 7 0 0 0 67 63 63 63 68 0 0 15 16 17 18 19 57 45 46 47 48 0 0 0 0 0 0 0 0 0 0 0 0 0 154 0
0 0 0 3 0 3 0 7 0 0 0 65 62 62 62 66 0 0 20 21 22 23 24 58 49 50 51 52 60 60 60 60 0 0 0 0 0 0 0 0 0 154 0
0 0 0 3 0 3 57 7 0 0 0 65 62 62 62 66 0 0 26 27 28 29 30 59 53 54 55 56 61 0 0 0 0 0 0 0 0 0 0 0 0 154 0
0 0 0 3 0 3 58 7 0 0 71 65 62 62 62 66 0 0 31 32 33 34 35 0 0 0 0 0 0 0 0 60 60 0 0 0 0 76 0 0 0 154 0
0 0 0 3 0 3 59 14 5 5 5 5 6 62 4 5 5 6 36 37 38 39 40 14 5 5 5 5 5 5 5 5 5 5 5 5 5 75 5 5 6 154 0 0 0 0 0 0
0 0 0 3 0 3 0 67 63 63 63 63 63 62 63 63 63 63 63 63 63 63 63 63 63 68 0 0 0 0 0 0 0 0 0 0 0 0 0 0 0 154 0 0 0 0 0 0 0
0 0 0 3 0 3 0 65 62 62 62 62 62 62 62 62 62 62 62 62 62 62 62 62 62 66 0 0 0 0 0 0 0 0 0 0 0 0 0 0 0 154 0 0 0 0 0 0
0 0 0 3 0 3 0 65 62 62 73 64 77 77 64 64 64 77 77 64 77 77 64 62 62 62 63 63 63 63 63 63 112 113 63 63 63 63 63 63 68 154 0 0 0 0 0 0 0
0 0 0 3 0 3 0 65 62 66 0 74 75 75 0 74 0 75 75 0 75 75 57 65 62 62 62 80 62 62 62 62 110 111 62 62 62 62 62 62 66 154 0 0 0 0 0 0 0
0 0 0 3 0 3 0 65 62 66 0 74 76 76 0 74 0 76 76 0 76 76 58 65 62 62 62 79 64 64 64 64 108 109 64 64 64 64 64 62 66 155 13 0 0 0 0 0
0 0 0 3 0 3 0 65 62 66 0 74 75 75 0 72 0 75 75 0 75 75 59 65 62 62 66 59 0 97 98 0 106 107 0 115 116 116 117 65 66 0 0 0 0 0 0 0 0
0 0 0 3 0 3 0 65 62 62 63 63 63 63 63 63 63 63 63 63 63 63 63 62 62 62 66 0 74 99 101 74 78 0 0 118 119 120 121 65 66 0 0 0 0 0 0 0 0
0 0 0 3 0 3 0 65 62 62 62 62 62 62 62 62 62 62 62 62 62 62 80 62 62 62 66 71 0 102 103 0 0 78 114 122 123 124 125 65 66 153 1 0 0 0 0 0 0
0 0 0 3 0 3 0 65 62 62 64 64 64 62 62 62 64 64 64 64 64 64 79 62 62 62 62 63 63 63 63 63 63 63 63 63 63 63 63 62 66 154 0 0 0 0 0 0 0
0 0 0 3 0 3 0 65 62 66 71 72 78 65 62 66 333 332 332 332 332 331 59 65 62 62 62 62 62 62 134 135 135 136 62 62 62 62 62 62 66 154 0 0 0 0 0 0 0
0 0 0 3 0 3 0 65 62 66 71 72 78 65 62 66 344 343 343 343 343 342 0 65 62 62 126 133 133 133 137 138 138 139 133 133 133 133 132 62 66 154 0 0 0 0 0 0 0
0 0 0 3 0 3 0 65 62 66 71 72 78 65 62 66 366 343 343 343 343 365 359 65 62 66 127 0 0 0 140 141 141 142 0 0 0 0 131 65 66 154 0 0 0 0 0 0 0
0 0 0 3 0 3 0 65 62 66 71 72 78 65 62 66 376 375 374 373 372 371 370 65 62 66 127 0 0 0 143 144 144 145 0 0 0 0 131 65 66 154 0 0 0 0 0 0 0
0 0 0 3 0 3 0 65 62 66 71 72 78 65 62 66 383 382 381 380 379 378 377 65 62 66 127 0 0 76 146 147 148 149 76 0 0 0 131 65 66 154 0 0 0 0 0 0 0
0 0 0 3 0 3 0 65 62 66 71 72 78 65 62 66 0 0 0 0 0 0 0 150 62 66 129 128 128 75 61 0 0 0 75 128 128 128 130 65 66 154 0 0 0 0 0 0 0
0 0 0 3 0 3 0 65 62 62 63 63 63 62 62 62 63 63 63 63 63 63 63 151 62 62 63 63 63 63 63 63 63 63 63 63 63 63 63 62 66 154 0 0 0 0 0 0 0
0 0 0 3 0 3 0 65 62 62 62 62 62 62 62 62 62 62 62 62 62 62 62 151 62 62 80 62 62 62 62 62 62 62 62 62 62 62 62 62 66 154 0 0 0 0 0 0 0
0 0 0 3 0 3 0 70 64 64 64 64 64 64 64 64 64 64 64 64 64 64 64 151 62 62 79 64 64 64 64 64 64 64 173 174 175 176 64 62 66 155 13 0 0 0 0 0 0
0 0 0 3 0 3 60 60 60 60 60 60 60 60 60 60 60 60 60 60 60 60 60 152 62 66 59 74 97 105 98 0 71 0 157 158 159 160 60 65 66 0 0 0 0 0 0 0 0 
0 0 0 3 0 3 0 0 0 0 0 0 0 0 0 0 0 0 0 0 0 0 0 65 62 66 0 74 99 100 101 161 0 162 163 164 165 168 166 65 66 0 0 0 0 0 0 0 0
0 0 0 3 0 3 0 0 0 0 0 0 0 0 0 0 0 0 0 0 0 0 0 65 62 66 0 74 99 100 101 161 0 60 169 170 171 172 60 65 66 0 0 0 0 0 0 0 0
0 0 0 3 0 3 0 0 0 0 0 0 0 0 0 0 0 0 0 0 0 0 0 65 62 66 167 74 102 104 103 0 0 166 0 0 0 0 166 65 66 0 0 0 0 0 0 0 0
0 0 0 3 0 3 67 63 63 63 63 63 63 63 63 63 63 63 63 63 63 63 63 62 62 62 63 63 63 63 63 63 63 63 63 63 63 63 63 62 66 0 0 0 0 0 0 0 0
0 0 0 3 0 3 65 62 62 62 62 62 62 62 62 307 306 306 306 306 305 62 80 62 62 62 303 304 62 62 62 62 62 62 62 62 62 62 62 62 66 0 0 0 0 0 0 0 0
0 0 0 3 0 3 65 62 62 77 77 64 64 64 64 311 310 310 310 310 309 64 79 62 62 62 301 302 64 64 64 64 64 64 64 64 64 64 64 62 66 0 0 0 0 0 0 0 0
0 0 0 3 0 3 65 62 66 75 75 0 0 0 0 312 313 313 313 313 314 0 59 65 62 66 181 180 114 178 178 178 178 178 178 178 178 178 177 65 66 0 0 0 0 0 0 0 0
0 0 0 3 0 3 65 62 66 0 308 0 78 0 0 315 316 316 316 316 317 0 0 65 62 66 183 182 0 0 186 187 0 0 0 0 0 0 179 65 66 0 0 0 0 0 0 0 0
0 0 0 3 0 3 65 62 66 60 60 0 0 324 323 318 319 320 320 321 322 61 0 65 62 66 181 180 190 189 189 189 189 196 189 189 188 0 179 65 66 0 0 0 0 0 0 0 0
0 0 0 3 0 3 65 62 66 75 75 0 0 72 0 0 0 0 0 0 0 0 0 65 62 66 183 182 191 193 193 193 193 197 193 193 192 0 179 65 66 0 0 0 0 0 0 0 0
0 0 0 3 0 3 65 62 62 63 63 63 63 63 63 63 63 63 63 63 63 63 63 62 62 66 181 180 191 193 193 193 193 197 193 193 192 0 179 65 66 0 0 0 0 0 0 0 0
0 0 0 3 0 3 65 62 62 62 62 62 62 62 62 62 62 62 62 62 62 62 80 62 62 66 183 182 191 193 193 193 199 198 193 193 192 0 179 65 66 0 0 0 0 0 0 0 0 0
0 0 0 3 0 3 65 62 62 64 64 64 64 64 64 64 64 64 64 64 64 64 79 62 62 66 181 180 191 193 193 193 193 193 193 193 192 0 179 65 66 0 0 0 0 0 0 0 0
0 0 0 3 0 3 65 62 66 0 115 116 116 117 0 0 0 0 60 60 0 0 59 65 62 66 183 182 191 193 193 193 193 193 193 193 192 0 185 65 66 0 0 0 0 0 0 0 0
0 0 0 3 0 3 65 62 66 0 118 119 120 121 0 0 72 0 75 75 0 0 0 65 62 66 181 180 195 300 300 300 300 300 300 300 194 0 184 65 66 0 0 0 0 0 0 0 0
0 0 0 3 0 3 65 62 66 0 122 123 124 125 167 0 0 0 0 0 0 0 0 65 62 66 183 182 0 0 0 0 0 0 0 0 0 0 59 65 66 0 0 0 0 0 0 0 0
13 13 13 156 0 3 65 62 62 63 63 63 63 63 63 63 63 63 63 63 63 63 63 62 62 62 63 63 63 63 63 63 63 63 63 63 63 63 63 62 66 0 0 0 0 0 0 0 0
0 0 0 0 0 3 65 62 62 62 62 62 62 62 62 62 62 62 62 62 62 62 62 62 62 62 62 62 62 62 62 62 62 62 62 62 62 62 62 62 66 0 0 0 0 0 0 0 0
0 0 0 0 0 3 70 64 64 64 64 64 64 64 64 64 64 64 64 64 64 64 64 62 62 62 64 64 64 64 64 64 64 64 64 64 64 64 64 64 69 0 0 0 0 0 0 0 0
0 0 0 0 0 3 0 201 201 201 201 201 201 201 201 201 201 201 201 201 201 201 76 203 204 205 76 201 201 201 201 201 201 201 201 201 201 201 201 201 201 201 0 0 0 0
13 13 13 13 13 156 200 202 202 202 202 202 202 202 202 202 207 207 207 207 207 207 206 203 204 205 206 207 207 207 207 207 207 202 202 202 202 202 202 202 202 202 0 0 0
0 0 0 0 0 0 0 0 0 0 0 0 0 0 0 0 207 207 207 207 207 207 206 203 204 205 206 207 207 207 207 207 207 0 0 0 0 0 0 0 0 0 0 0 0
0 0 0 0 0 0 0 0 0 0 0 0 0 0 0 0 207 207 207 207 207 207 206 203 204 205 206 207 207 207 207 207 207 0 0 0 0 0 0 0 0 0 0 0 0 0 0 0 0 0 0 0 0 0 0 0 0 0 0 0 0 0 0 0 0 0 0 0 0 0 0 0 0 0 0 0 0 0 0 0 0 0 0 0 0 0 0 0 0 0 0 0
0 0 0 0 0 0 0 0 0 0 0 0 0 76 201 201 207 207 207 207 207 207 206 203 204 205 206 207 207 207 207 207 207 201 201 0 0 0 0 0 0 0 0 0 0 0 0 0 0 0 0 0 0 0 0 0 0 0 0 0 0 0 0 0 0 0 0 0 0 0 0 0 0 0 0 0 0 0 0 0 0 0 0 0 0 0 0 
0 0 0 0 0 0 0 0 0 0 0 0 0 76 207 207 207 207 207 207 207 207 206 203 204 205 206 207 207 207 207 207 207 207 207 0 0 0 0 0 0 0 0 0 0 0 0 0 0 0 0 0 0 0 0 0 0 0 0 0 0 0 0 0 0 0 0 0 0 0 0 0 0 0 0 0 0 0 0 0 0 0 0 0 0 0 0 
0 0 0 0 0 0 0 0 0 0 0 0 0 76 202 202 202 202 202 202 202 202 75 203 204 205 75 202 202 202 202 202 202 202 202 0 0 0 0 0 0 0 0 0 0 0 0 0 0 0 0 0 0 0 0 0 0 0 0 0 0 0 0 0 0 0 0 0 0 0 0 0 0 0 0 0 0 0 0 0 0 0 0 0 0 0 0 
0 0 0 0 0 0 0 0 0 0 0 0 0 76 208 208 208 208 208 208 208 208 208 203 204 209 210 211 212 210 210 213 214 215 0 0 0 0 0 0 0 0 0 0 0 0 0 0 0 0 0 0 0 0 0 0 0 0 0 0 0 0 0 0 0 0 0 0 0 0 0 0 0 0 0 0 0 0 0 0 0 0 0 0 0 0 0 
0 0 0 0 0 0 0 0 0 0 0 0 0 76 208 208 208 208 208 208 208 208 208 203 204 204 204 216 204 204 204 217 0 131 0 0 0 0 0 0 0 0 0 0 0 0 0 0 0 0 0 0 0 0 0 0 0 0 0 0 0 0 0 0 0 0 0 0 0 0 0 0 0 0 0 0 0 0 0 0 0 0 0 0 0 0 0 
0 0 0 0 0 0 0 0 0 0 0 0 0 76 208 208 208 208 208 208 208 208 208 203 204 218 219 220 219 219 219 221 0 131 0 0 0 0 0 0 0 0 0 0 0 0 0 0 0 0 0 0 0 0 0 0 0 0 0 0 0 0 0 0 0 0 0 0 0 0 0 0 0 0 0 0 0 0 0 0 0 0 0 0 0 0 0 
0 0 0 0 0 0 0 0 0 0 0 0 0 76 208 208 208 208 208 208 208 208 208 203 204 205 0 0 0 0 0 0 0 131 0 0 0 0 0 0 0 0 0 0 0 0 0 0 0 0 0 0 0 0 0 0 0 0 0 0 0 0 0 0 0 0 0 0 0 0 0 0 0 0 0 0 0 0 0 0 0 0 0 0 0 0 0 
0 0 0 0 0 0 0 0 0 0 0 0 0 76 222 210 210 210 210 210 210 210 210 223 204 205 0 0 0 0 0 0 0 131 0 0 0 0 0 0 0 0 0 0 0 0 0 0 0 0 0 0 0 0 0 0 0 0 0 0 0 0 0 0 0 0 0 0 0 0 0 0 0 0 0 0 0 0 0 0 0 0 0 0 0 0 0 
0 0 0 0 0 0 0 0 0 0 0 0 0 76 203 204 204 204 204 204 204 204 204 204 204 205 0 0 0 0 0 0 0 131 0 0 0 0 0 0 0 0 0 0 0 0 0 0 0 0 0 0 0 0 0 0 0 0 0 0 0 0 0 0 0 0 0 0 0 0 0 0 0 0 0 0 0 0 0 0 0 0 0 0 0 0 0 
0 0 0 0 0 0 0 0 0 0 0 0 0 76 224 219 219 219 219 219 219 219 219 219 225 209 210 213 0 0 0 0 0 131 0 0 0 0 0 0 0 0 0 0 0 0 0 0 0 0 0 0 0 0 0 0 0 0 0 0 0 0 0 0 0 0 0 0 0 0 0 0 0 0 0 0 0 0 0 0 0 0 0 0 0 0 0 
0 0 0 0 0 0 0 0 0 0 0 0 0 76 76 76 0 76 76 76 76 76 76 76 203 204 204 205 0 0 0 0 0 131 0 0 0 0 0 0 0 0 0 0 0 0 0 0 0 0 0 0 0 0 0 0 0 0 0 0 0 0 0 0 0 0 0 0 0 0 0 0 0 0 0 0 0 0 0 0 0 0 0 0 0 0 0 
0 0 0 0 0 0 0 0 0 0 0 0 0 76 76 76 0 76 76 0 0 0 0 0 203 204 204 205 0 0 0 0 0 131 0 0 0 0 0 0 0 0 0 0 0 0 0 0 0 0 0 0 0 0 0 0 0 0 0 0 0 0 0 0 0 0 0 0 0 0 0 0 0 0 0 0 0 0 0 0 0 0 0 0 0 0 0 
0 0 0 0 0 0 0 0 0 0 0 0 0 76 76 76 0 76 76 76 0 0 0 0 203 204 204 209 210 210 210 210 210 226 0 0 0 0 0 0 0 0 0 0 0 0 0 0 0 0 0 0 0 0 0 0 0 0 0 0 0 0 0 0 0 0 0 0 0 0 0 0 0 0 0 0 0 0 0 0 0 0 0 0 0 0 0 
0 0 0 0 0 0 0 0 0 0 0 0 0 76 76 76 0 76 76 76 0 0 0 0 224 219 219 219 219 219 219 219 227 228 0 0 0 0 0 0 0 0 0 0 0 0 0 0 0 0 0 0 0 0 0 0 0 0 0 0 0 0 0 0 0 0 0 0 0 0 0 0 0 0 0 0 0 0 0 0 0 0 0 0 0 0 0 
0 0 0 0 0 0 0 0 0 0 0 0 0 76 76 76 0 76 76 76 76 76 76 76 76 76 76 76 0 0 0 0 203 228 0 0 0 0 0 0 0 0 0 0 0 0 0 0 0 0 0 0 0 0 0 0 0 0 0 0 0 0 0 0 0 0 0 0 0 0 0 0 0 0 0 0 0 0 0 0 0 0 0 0 0 0 0 
0 0 0 0 0 0 0 0 0 0 0 0 0 76 0 0 0 76 76 76 76 76 0 0 0 0 76 76 115 116 116 117 203 228 0 0 0 0 0 0 0 0 0 0 0 0 0 0 0 0 0 0 0 0 0 0 0 0 0 0 0 0 0 0 0 0 0 0 0 0 0 0 0 0 0 0 0 0 0 0 0 0 0 0 0 0 0 
0 0 0 0 0 0 0 0 0 0 0 0 0 76 0 76 76 76 0 76 76 76 0 0 0 0 76 76 118 119 120 121 203 228 0 0 0 0 0 0 0 0 0 0 0 0 0 0 0 0 0 0 0 0 0 0 0 0 0 0 0 0 0 0 0 0 0 0 0 0 0 0 0 0 0 0 0 0 0 0 0 0 0 0 0 0 0 
0 0 0 0 0 0 0 0 0 0 0 0 0 76 0 76 0 0 0 76 0 0 0 0 0 0 76 76 122 123 124 125 203 228 0 0 0 0 0 0 0 0 0 0 0 0 0 0 0 0 0 0 0 0 0 0 0 0 0 0 0 0 0 0 0 0 0 0 0 0 0 0 0 0 0 0 0 0 0 0 0 0 0 0 0 0 0 
0 0 0 0 0 0 0 0 0 0 0 0 0 76 0 76 0 76 0 76 0 76 0 0 0 0 76 76 222 210 210 210 223 228 0 0 0 0 0 0 0 0 0 0 0 0 0 0 0 0 0 0 0 0 0 0 0 0 0 0 0 0 0 0 0 0 0 0 0 0 0 0 0 0 0 0 0 0 0 0 0 0 0 0 0 0 0 
0 0 0 0 0 0 0 0 0 0 0 0 0 76 0 76 0 76 0 76 0 76 76 0 76 0 76 76 229 219 219 219 219 230 0 0 0 0 0 0 0 0 0 0 0 0 0 0 0 0 0 0 0 0 0 0 0 0 0 0 0 0 0 0 0 0 0 0 0 0 0 0 0 0 0 0 0 0 0 0 0 0 0 0 0 0 0 
0 0 0 0 0 0 0 0 0 0 0 0 0 76 0 76 0 76 0 76 0 76 76 0 76 0 76 76 76 76 76 76 76 231 0 0 0 0 0 0 0 0 0 0 0 0 0 0 0 0 0 0 0 0 0 0 0 0 0 0 0 0 0 0 0 0 0 0 0 0 0 0 0 0 0 0 0 0 0 0 0 0 0 0 0 0 0 
0 0 0 0 0 0 0 0 0 0 0 0 0 76 0 76 0 76 0 76 0 76 76 0 76 0 76 76 76 0 0 0 0 131 0 0 0 0 0 0 0 0 0 0 0 0 0 0 0 0 0 0 0 0 0 0 0 0 0 0 0 0 0 0 0 0 0 0 0 0 0 0 0 0 0 0 0 0 0 0 0 0 0 0 0 0 0 
0 0 0 0 0 0 0 0 0 0 0 0 0 76 0 76 0 76 0 76 0 76 76 0 0 0 76 76 0 0 0 0 0 131 0 0 0 0 0 0 0 0 0 0 0 0 0 0 0 0 0 0 0 0 0 0 0 0 0 0 0 0 0 0 0 0 0 0 0 0 0 0 0 0 0 0 0 0 0 0 0 0 0 0 0 0 0 
0 0 0 0 0 0 0 0 0 0 0 0 0 76 0 76 0 76 0 76 0 76 76 0 76 0 76 76 128 128 128 128 128 130 0 0 0 0 0 0 0 0 0 0 0 0 0 0 0 0 0 0 0 0 0 0 0 0 0 0 0 0 0 0 0 0 0 0 0 0 0 0 0 0 0 0 0 0 0 0 0 0 0 0 0 0 0 
0 0 0 0 0 0 0 0 0 0 0 0 0 76 0 0 0 76 0 0 0 76 76 0 76 0 76 76 0 0 0 0 0 0 0 0 0 0 0 0 0 0 0 0 0 0 0 0 0 0 0 0 0 0 0 0 0 0 0 0 0 0 0 0 0 0 0 0 0 0 0 0 0 0 0 0 0 0 0 0 0 0 0 0 0 0 0 
0 0 0 0 0 0 0 0 0 0 0 0 0 76 76 76 0 76 76 76 0 76 76 0 76 0 76 76 232 232 232 232 232 233 0 0 0 0 0 0 0 0 0 0 0 0 0 0 0 0 0 0 0 0 0 0 0 0 0 0 0 0 0 0 0 0 0 0 0 0 0 0 0 0 0 0 0 0 0 0 0 0 0 0 0 0 0 
0 0 0 0 0 0 0 0 0 0 0 0 0 76 76 76 76 76 76 76 76 76 76 0 0 0 76 76 0 0 0 0 0 131 0 0 0 0 0 0 0 0 0 0 0 0 0 0 0 0 0 0 0 0 0 0 0 0 0 0 0 0 0 0 0 0 0 0 0 0 0 0 0 0 0 0 0 0 0 0 0 0 0 0 0 0 0 
0 0 0 0 0 0 0 0 0 0 0 0 0 76 76 76 76 76 76 76 76 76 76 0 76 76 76 76 0 0 0 0 0 131 0 0 0 0 0 0 0 0 0 0 0 0 0 0 0 0 0 0 0 0 0 0 0 0 0 0 0 0 0 0 0 0 0 0 0 0 0 0 0 0 0 0 0 0 0 0 0 0 0 0 0 0 0 
0 0 0 0 0 0 0 0 0 0 0 0 0 76 0 0 0 0 0 0 0 0 76 0 76 76 76 76 0 234 234 234 234 131 0 0 0 0 0 0 0 0 0 0 0 0 0 0 0 0 0 0 0 0 0 0 0 0 0 0 0 0 0 0 0 0 0 0 0 0 0 0 0 0 0 0 0 0 0 0 0 0 0 0 0 0 0 
0 0 0 0 0 0 0 0 0 0 0 0 0 76 76 76 0 0 76 76 0 0 76 0 76 76 76 76 236 237 237 237 237 238 0 0 0 0 0 0 0 0 0 0 0 0 0 0 0 0 0 0 0 0 0 0 0 0 0 0 0 0 0 0 0 0 0 0 0 0 0 0 0 0 0 0 0 0 0 0 0 0 0 0 0 0 0 
0 0 0 0 0 0 0 0 0 0 0 0 0 76 76 76 0 0 76 76 0 0 0 0 76 76 76 76 241 239 239 240 240 242 0 0 0 0 0 0 0 0 0 0 0 0 0 0 0 0 0 0 0 0 0 0 0 0 0 0 0 0 0 0 0 0 0 0 0 0 0 0 0 0 0 0 0 0 0 0 0 0 0 0 0 0 0 
0 0 0 0 0 0 0 0 0 0 0 0 0 76 0 0 0 0 0 0 0 0 0 0 0 0 76 76 243 244 244 245 245 246 0 0 0 0 0 0 0 0 0 0 0 0 0 0 0 0 0 0 0 0 0 0 0 0 0 0 0 0 0 0 0 0 0 0 0 0 0 0 0 0 0 0 0 0 0 0 0 0 0 0 0 0 0 
0 0 0 0 0 0 0 0 0 0 0 0 0 76 76 76 76 76 0 76 76 76 76 76 76 76 76 76 247 248 249 250 251 252 0 0 0 0 0 0 0 0 0 0 0 0 0 0 0 0 0 0 0 0 0 0 0 0 0 0 0 0 0 0 0 0 0 0 0 0 0 0 0 0 0 0 0 0 0 0 0 0 0 0 0 0 0 
0 0 0 0 0 0 0 0 0 0 0 0 0 76 76 76 76 76 0 76 76 76 76 76 76 76 76 76 253 254 255 256 257 258 0 0 0 0 0 0 0 0 0 0 0 0 0 0 0 0 0 0 0 0 0 0 0 0 0 0 0 0 0 0 0 0 0 0 0 0 0 0 0 0 0 0 0 0 0 0 0 0 0 0 0 0 0 
0 0 0 0 0 0 0 0 0 0 0 0 0 76 0 0 0 259 0 260 0 0 0 0 76 76 76 76 0 0 0 0 0 131 0 0 0 0 0 0 0 0 0 0 0 0 0 0 0 0 0 0 0 0 0 0 0 0 0 0 0 0 0 0 0 0 0 0 0 0 0 0 0 0 0 0 0 0 0 0 0 0 0 0 0 0 0 
0 0 0 0 0 0 0 0 0 0 0 0 0 76 261 262 262 263 0 261 262 262 262 263 76 76 76 76 128 128 128 128 128 130 0 0 0 0 0 0 0 0 0 0 0 0 0 0 0 0 0 0 0 0 0 0 0 0 0 0 0 0 0 0 0 0 0 0 0 0 0 0 0 0 0 0 0 0 0 0 0 0 0 0 0 0 0 
0 0 0 0 0 0 0 0 0 0 0 0 0 76 222 210 210 210 210 210 210 210 210 213 0 76 0 0 0 0 0 0 0 0 0 0 0 0 0 0 0 0 0 0 0 0 0 0 0 0 0 0 0 0 0 0 0 0 0 0 0 0 0 0 0 0 0 0 0 0 0 0 0 0 0 0 0 0 0 0 0 0 0 0 0 0 0 
0 0 0 0 0 0 0 0 0 0 0 0 0 76 203 204 204 204 204 204 204 204 204 217 0 76 0 0 0 0 0 0 0 0 0 0 0 0 0 0 0 0 0 0 0 0 0 0 0 0 0 0 0 0 0 0 0 0 0 0 0 0 0 0 0 0 0 0 0 0 0 0 0 0 0 0 0 0 0 0 0 0 0 0 0 0 0 
0 0 0 0 0 0 0 0 0 0 0 0 0 76 203 204 204 204 204 204 204 204 204 217 0 76 0 0 0 0 0 0 0 0 0 0 0 0 0 0 0 0 0 0 0 0 0 0 0 0 0 0 0 0 0 0 0 0 0 0 0 0 0 0 0 0 0 0 0 0 0 0 0 0 0 0 0 0 0 0 0 0 0 0 0 0 0 
0 0 0 0 0 0 0 0 0 0 0 0 0 267 264 265 227 218 265 265 265 265 219 221 0 76 0 0 0 0 0 0 0 0 0 0 0 0 0 0 0 0 0 0 0 0 0 0 0 0 0 0 0 0 0 0 0 0 0 0 0 0 0 0 0 0 0 0 0 0 0 0 0 0 0 0 0 0 0 0 0 0 0 0 0 0 0 
0 0 0 0 0 0 0 0 0 0 0 0 0 267 266 266 203 205 208 208 208 208 208 208 0 76 0 0 0 0 0 0 0 0 0 0 0 0 0 0 0 0 0 0 0 0 0 0 0 0 0 0 0 0 0 0 0 0 0 0 0 0 0 0 0 0 0 0 0 0 0 0 0 0 0 0 0 0 0 0 0 0 0 0 0 0 0 
0 0 0 0 0 0 0 0 0 0 0 0 0 267 0 0 203 205 208 208 208 208 208 208 0 76 128 128 128 128 128 128 128 128 0 0 0 0 0 0 0 0 0 0 0 0 0 0 0 0 0 0 0 0 0 0 0 0 0 0 0 0 0 0 0 0 0 0 0 0 0 0 0 0 0 0 0 0 0 0 0 0 0 0 0 0 0 
0 0 0 0 0 0 0 0 0 0 0 0 0 267 266 266 203 205 208 208 0 0 0 0 0 269 0 0 0 0 0 0 0 0 0 0 0 0 0 0 0 0 0 0 0 0 0 0 0 0 0 0 0 0 0 0 0 0 0 0 0 0 0 0 0 0 0 0 0 0 0 0 0 0 0 0 0 0 0 0 0 0 0 0 0 0 0 
0 0 0 0 0 0 0 0 0 0 0 0 0 267 0 0 203 205 208 208 0 0 267 267 267 0 0 0 0 0 0 0 0 0 0 0 0 0 0 0 0 0 0 0 0 0 0 0 0 0 0 0 0 0 0 0 0 0 0 0 0 0 0 0 0 0 0 0 0 0 0 0 0 0 0 0 0 0 0 0 0 0 0 0 0 0 0 
0 0 0 0 0 0 0 0 0 0 0 0 0 267 266 266 203 205 266 266 267 267 267 267 267 267 0 0 0 0 0 0 0 0 0 0 0 0 0 0 0 0 0 0 0 0 0 0 0 0 0 0 0 0 0 0 0 0 0 0 0 0 0 0 0 0 0 0 0 0 0 0 0 0 0 0 0 0 0 0 0 0 0 0 0 0 0 
0 0 0 0 0 0 0 0 0 0 0 0 0 267 0 0 203 209 210 210 210 210 213 267 267 267 0 0 0 0 0 0 0 0 0 0 0 0 0 0 0 0 0 0 0 0 0 0 0 0 0 0 0 0 0 0 0 0 0 0 0 0 0 0 0 0 0 0 0 0 0 0 0 0 0 0 0 0 0 0 0 0 0 0 0 0 0 
0 0 0 0 0 0 0 0 0 0 0 0 0 267 266 266 224 219 219 219 219 225 217 267 267 267 0 0 0 0 0 0 0 0 0 0 0 0 0 0 0 0 0 0 0 0 0 0 0 0 0 0 0 0 0 0 0 0 0 0 0 0 0 0 0 0 0 0 0 0 0 0 0 0 0 0 0 0 0 0 0 0 0 0 0 0 0 0 
0 0 0 0 0 0 0 0 0 0 0 0 0 267 0 0 0 0 0 0 0 203 205 267 267 267 0 268 268 0 0 0 0 0 0 0 0 0 0 0 0 0 0 0 0 0 0 0 0 0 0 0 0 0 0 0 0 0 0 0 0 0 0 0 0 0 0 0 0 0 0 0 0 0 0 0 0 0 0 0 0 0 0 0 0 0 0 0 
0 0 0 0 0 0 0 0 0 0 0 0 0 267 267 267 0 0 0 0 0 203 205 0 0 269 0 0 0 0 0 0 0 0 0 0 0 0 0 0 0 0 0 0 0 0 0 0 0 0 0 0 0 0 0 0 0 0 0 0 0 0 0 0 0 0 0 0 0 0 0 0 0 0 0 0 0 0 0 0 0 0 0 0 0 0 0 0 
0 0 0 0 0 0 0 0 0 0 0 0 0 267 267 267 128 128 128 128 128 203 205 128 128 267 128 128 128 128 128 128 128 0 0 0 0 0 0 0 0 0 0 0 0 0 0 0 0 0 0 0 0 0 0 0 0 0 0 0 0 0 0 0 0 0 0 0 0 0 0 0 0 0 0 0 0 0 0 0 0 0 0 0 0 0 0 0 
0 0 0 0 0 0 0 0 0 0 0 0 0 267 267 267 0 0 0 0 0 203 205 0 0 267 0 0 0 0 0 0 0 0 0 0 0 0 0 0 0 0 0 0 0 0 0 0 0 0 0 0 0 0 0 0 0 0 0 0 0 0 0 0 0 0 0 0 0 0 0 0 0 0 0 0 0 0 0 0 0 0 0 0 0 0 0 0 
0 0 0 0 0 0 0 0 0 0 0 0 0 267 267 267 0 0 268 268 268 203 205 0 0 267 0 268 268 268 0 0 0 0 0 0 0 0 0 0 0 0 0 0 0 0 0 0 0 0 0 0 0 0 0 0 0 0 0 0 0 0 0 0 0 0 0 0 0 0 0 0 0 0 0 0 0 0 0 0 0 0 0 0 0 0 0 0 
0 0 0 0 0 0 0 0 0 0 0 0 0 267 267 267 0 0 0 0 222 223 205 0 0 269 0 0 0 0 0 0 0 0 0 0 0 0 0 0 0 0 0 0 0 0 0 0 0 0 0 0 0 0 0 0 0 0 0 0 0 0 0 0 0 0 0 0 0 0 0 0 0 0 0 0 0 0 0 0 0 0 0 0 0 0 0 0 
0 0 0 0 0 0 0 0 0 0 0 0 0 267 267 267 0 0 0 0 203 204 205 267 267 267 267 267 267 267 267 267 267 0 0 0 0 0 0 0 0 0 0 0 0 0 0 0 0 0 0 0 0 0 0 0 0 0 0 0 0 0 0 0 0 0 0 0 0 0 0
0 0 0 0 0 0 0 0 0 0 0 0 0 267 267 267 267 267 267 267 203 204 205 267 267 267 267 267 267 267 267 267 267 0 0 0 0 0 0 0 0 0 0 0 0 0 0 0 0 0 0 0 0 0 0 0 0 0 0 0 0 0 0 0 0 0 0 0 0 0 0
0 0 0 0 0 0 0 0 0 0 0 0 0 267 267 267 267 267 267 267 203 204 205 267 267 267 267 267 267 267 267 267 267 0 0 0 0 0 0 0 0 0 0 0 0 0 0 0 0 0 0 0 0 0 0 0 0 0 0 0 0 0 0 0 0 0 0 0 0 0 0
1 1 1 1 1 1 1 1 2 267 267 267 267 267 267 267 267 267 267 267 203 204 205 267 267 267 267 267 267 267 267 267 267 0 0 0 0 0 0 0 0 0 0 0 0 0 0 0 0 0 0 0 0 0 0 0 0 0 0 0 0 0 0 0 0 0 0 0 0 0 0
0 0 0 0 0 0 0 0 3 267 267 267 267 267 267 267 267 267 267 267 203 204 205 267 267 267 267 267 267 267 267 267 267 267 267 267 267 267 267 267 267 267 267 0 0 0 0 0 0 0 0 0 0 0 0 0 0 0 0 0 0 0 0 0 0 0 0 0 0 0 0
0 0 0 0 0 0 0 0 3 267 267 267 267 267 267 267 267 267 267 267 203 204 205 267 267 267 267 267 267 267 267 267 267 267 267 267 267 267 267 267 267 267 267 0 0 0 0 0 0 0 0 0 0 0 0 0 0 0 0 0 0 0 0 0 0 0 0 0 0 0 0
0 0 0 0 0 0 0 0 3 267 267 267 267 267 267 267 267 267 267 267 203 204 205 267 267 267 267 222 210 210 210 210 210 210 210 210 210 210 213 267 267 267 267 0 0 0 0 0 0 0 0 0 0 0 0 0 0 0 0 0 0 0 0 0 0 0 0 0 0 0 0
0 0 0 0 0 0 0 0 3 267 267 267 267 267 267 267 267 267 267 267 203 204 205 267 267 267 267 203 204 218 219 219 219 219 219 219 511 225 217 267 267 267 267 0 0 0 0 0 0 0 0 0 0 0 0 0 0 0 0 0 0 0 0 0 0 0 0 0 0 0 0
0 0 0 0 0 0 0 0 3 0 0 0 0 0 0 0 0 0 0 57 203 204 205 325 326 327 328 203 204 217 329 330 329 330 329 330 58 203 217 267 267 267 267 0 0 0 0 0 0 0 0 0 0 0 0 0 0 0 0 0 0 0 0 0 0 0 0 0 0 0 0
0 0 0 0 0 0 0 0 3 0 341 340 340 339 339 339 339 339 338 58 203 204 205 337 336 335 334 203 204 217 333 332 332 332 332 331 59 203 217 267 267 267 267 0 0 0 0 0 0 0 0 0 0 0 0 0 0 0 0 0 0 0 0 0 0 0 0 0 0 0 0
0 0 0 0 0 0 0 0 3 0 358 352 352 351 350 350 350 350 349 59 203 204 205 357 356 355 354 203 204 217 344 343 343 343 343 342 0 203 217 267 267 267 267 0 0 0 0 0 0 0 0 0 0 0 0 0 0 0 0 0 0 0 0 0 0 0 0 0 0 0 0
0 0 0 0 0 0 0 0 3 0 358 351 350 368 364 364 364 364 367 76 203 204 205 363 362 361 360 203 204 217 366 343 343 343 343 365 359 203 217 267 267 267 267 0 0 0 0 0 0 0 0 0 0 0 0 0 0 0 0 0 0 0 0 0 0 0 0 0 0 0 0
0 0 0 0 0 0 0 0 3 0 358 369 364 364 364 364 364 364 367 75 203 204 209 210 210 210 210 223 204 217 376 375 374 373 372 371 370 203 217 267 267 267 267 0 0 0 0 0 0 0 0 0 0 0 0 0 0 0 0 0 0 0 0 0 0 0 0 0 0 0 0
0 0 0 0 0 0 0 0 3 0 358 369 364 364 364 364 364 364 367 76 203 204 204 204 204 384 204 204 204 217 383 382 381 380 379 378 377 203 217 267 267 267 267 0 0 0 0 0 0 0 0 0 0 0 0 0 0 0 0 0 0 0 0 0 0 0 0 0 0 0 0
0 0 0 0 0 0 0 0 3 0 358 369 364 364 364 364 364 364 367 75 203 204 218 219 219 385 219 219 219 221 0 0 0 0 0 0 0 224 221 267 267 267 267 0 0 0 0 0 0 0 0 0 0 0 0 0 0 0 0 0 0 0 0 0 0 0 0 0 0 0 0
0 0 0 0 0 0 0 0 3 0 358 369 364 364 364 364 364 364 367 76 203 204 217 329 330 59 329 330 0 214 214 214 214 214 214 214 214 214 214 267 267 267 267 0 0 0 0 0 0 0 0 0 0 0 0 0 0 0 0 0 0 0 0 0 0 0 0 0 0 0 0
0 0 0 0 0 0 0 0 3 0 358 369 364 364 388 387 387 386 367 75 203 204 209 210 210 210 210 210 210 210 210 210 210 210 210 210 210 210 213 267 267 267 267 0 0 0 0 0 0 0 0 0 0 0 0 0 0 0 0 0 0 0 0 0 0 0 0 0 0 0 0
13 13 13 13 13 13 13 13 156 0 358 369 364 364 364 364 364 390 367 76 203 204 218 219 219 219 219 219 219 389 225 204 204 204 204 204 204 204 217 267 267 267 267 0 0 0 0 0 0 0 0 0 0 0 0 0 0 0 0 0 0 0 0 0 0 0 0 0 0 0 0
0 0 0 0 0 0 0 0 0 0 358 369 364 364 364 364 364 390 367 75 203 204 205 394 393 393 392 391 0 58 203 204 204 204 204 204 204 204 217 267 267 267 267 0 0 0 0 0 0 0 0 0 0 0 0 0 0 0 0 0 0 0 0 0 0 0 0 0 0 0 0
0 0 0 0 0 0 0 0 0 0 358 369 364 364 364 364 503 395 501 0 203 204 205 500 399 398 397 396 0 59 203 204 204 204 204 204 204 204 217 267 267 267 267 0 0 0 0 0 0 0 0 0 0 0 0 0 0 0 0 0 0 0 0 0 0 0 0 0 0 0 0
210 210 210 210 210 210 210 210 213 0 358 510 509 509 509 509 501 0 0 74 203 204 205 508 507 506 505 504 329 330 203 204 218 515 514 513 512 225 217 267 267 267 267 0 0 0 0 0 0 0 0 0 0 0 0 0 0 0 0 0 0 0 0 0 0 0 0 0 0 0 0
219 219 219 219 219 219 219 227 217 0 523 522 522 522 522 522 521 0 74 0 203 204 205 520 519 518 517 516 0 0 203 204 217 527 526 525 524 203 217 267 267 267 267 0 0 0 0 0 0 0 0 0 0 0 0 0 0 0 0 0 0 0 0 0 0 0 0 0 0 0 0
1 1 1 1 1 1 2 203 209 210 210 210 210 210 210 210 210 210 210 210 223 204 205 535 534 533 532 531 324 323 203 204 217 529 530 530 528 203 217 267 267 267 267 0 0 0 0 0 0 0 0 0 0 0 0 0 0 0 0 0 0 0 0 0 0 0 0 0 0 0 0
1 1 1 1 2 0 3 203 218 219 219 219 219 219 219 219 219 219 219 219 511 227 209 210 210 210 210 210 210 210 223 204 217 539 538 537 536 203 217 267 267 267 267 0 0 0 0 0 0 0 0 0 0 0 0 0 0 0 0 0 0 0 0 0 0 0 0 0 0 0 0
0 0 0 0 3 0 3 203 217 0 201 201 201 201 201 201 201 201 201 201 58 203 218 219 219 219 219 219 219 219 225 204 217 543 542 541 540 203 217 267 267 267 267 0 0 0 0 0 0 0 0 0 0 0 0 0 0 0 0 0 0 0 0 0 0 0 0 0 0 0 0
0 0 0 0 3 0 3 203 217 0 202 202 202 202 202 202 202 202 202 202 59 203 205 329 330 550 549 548 547 546 203 204 545 0 0 0 544 203 217 267 267 267 267 0 0 0 0 0 0 0 0 0 0 0 0 0 0 0 0 0 0 0 0 0 0 0 0 0 0 0 0
0 0 0 0 3 0 3 203 217 0 201 329 330 329 330 329 330 329 330 0 0 203 205 0 0 555 554 554 554 553 203 204 556 0 329 330 551 203 217 267 267 267 267 0 0 0 0 0 0 0 0 0 0 0 0 0 0 0 0 0 0 0 0 0 0 0 0 0 0 0 0
0 0 0 0 3 0 3 203 217 0 202 0 0 0 0 0 0 0 0 0 0 203 205 557 0 555 554 554 554 553 203 204 209 210 210 210 210 223 217 267 267 267 267 0 0 0 0 0 0 0 0 0 0 0 0 0 0 0 0 0 0 0 0 0 0 0 0 0 0 0 0
0 0 0 0 3 0 3 203 217 0 201 190 189 189 189 189 189 189 188 201 0 203 205 563 0 562 561 560 559 558 203 204 204 204 204 204 204 204 217 267 267 267 267 0 0 0 0 0 0 0 0 0 0 0 0 0 0 0 0 0 0 0 0 0 0 0 0 0 0 0 0
0 0 0 0 3 0 3 203 217 0 202 191 193 193 193 193 193 193 192 202 0 203 205 0 0 568 567 566 565 564 203 204 204 204 204 204 204 204 217 267 267 267 267 0 0 0 0 0 0 0 0 0 0 0 0 0 0 0 0 0 0 0 0 0 0 0 0 0 0 0 0
0 0 0 0 3 0 3 203 217 0 200 191 193 193 193 193 193 193 192 200 0 203 205 0 0 222 210 210 210 210 223 204 204 204 204 204 204 204 217 267 267 267 267 0 0 0 0 0 0 0 0 0 0 0 0 0 0 0 0 0 0 0 0 0 0 0 0 0 0 0 0
0 0 0 0 3 0 3 203 217 0 572 195 573 573 573 573 573 573 194 572 572 203 205 572 572 571 570 570 570 570 570 570 570 570 570 570 570 227 569 267 267 267 267 0 0 0 0 0 0 0 0 0 0 0 0 0 0 0 0 0 0 0 0 0 0 0 0 0 0 0 0
0 0 0 0 3 0 3 203 217 0 0 0 0 0 0 0 0 0 0 0 0 203 205 0 0 0 0 0 0 0 0 0 203 217 0 0 0 203 217 267 267 267 267 0 0 0 0 0 0 0 0 0 0 0 0 0 0 0 0 0 0 0 0 0 0 0 0 0 0 0 0
0 0 0 0 3 0 3 203 217 0 0 0 0 0 0 0 0 0 0 0 0 203 205 0 0 0 0 0 0 0 0 0 203 217 0 0 0 203 217 267 267 267 267 0 0 0 0 0 0 0 0 0 0 0 0 0 0 0 0 0 0 0 0 0 0 0 0 0 0 0 0
13 13 13 13 156 0 3 203 209 210 210 210 210 210 210 210 210 210 210 210 210 223 209 210 210 210 210 210 210 210 210 210 223 209 210 210 210 223 217 267 267 267 267 0 0 0 0 0 0 0 0 0 0 0 0 0 0 0 0 0 0 0 0 0 0 0 0 0 0 0 0
0 0 0 0 0 0 3 203 204 204 204 204 204 204 204 204 204 204 204 204 204 204 204 204 204 204 204 204 204 204 204 204 204 204 204 204 204 204 217 267 267 267 267 0 0 0 0 0 0 0 0 0 0 0 0 0 0 0 0 0 0 0 0 0 0 0 0 0 0 0 0
13 13 13 13 13 13 156 224 219 219 219 219 219 219 219 219 219 219 219 219 219 219 219 219 219 219 219 219 219 219 219 227 204 204 218 219 219 219 221 267 267 267 267 0 0 0 0 0 0 0 0 0 0 0 0 0 0 0 0 0 0 0 0 0 0 0 0 0 0 0 0
128 128 128 128 128 128 128 128 128 128 128 128 128 128 128 128 128 128 128 128 128 128 128 128 128 128 128 128 128 128 128 270 271 271 272 128 128 128 128 130 0 0 0 0
0 0 0 0 0 0 0 0 0 0 0 0 0 0 0 0 0 0 0 0 0 0 0 0 0 0 0 0 0 0 0 273 271 271 274 0 0 0 0 0 0 0 0
0 0 0 0 0 0 0 0 0 0 0 0 0 0 0 0 0 0 0 0 0 0 0 0 0 0 0 0 0 0 0 273 271 271 274 0 0 0 0 0 0 0 0
0 0 0 0 0 0 0 0 0 0 0 0 0 0 0 0 0 0 0 0 0 0 0 0 0 0 0 0 0 0 0 273 271 271 274 0 0 0 0 0 0 0 0
0 0 0 0 0 0 0 0 0 0 0 0 0 0 0 0 0 0 0 0 0 0 0 0 0 0 0 0 0 0 0 273 271 271 274 0 0 0 0 0 0 0 0
0 0 0 0 0 0 0 0 0 0 0 0 0 0 0 0 0 0 0 0 0 0 0 0 0 0 0 0 0 0 0 273 271 271 274 0 0 0 0 0 0 0 0
0 0 0 0 0 0 0 0 0 0 0 0 0 0 0 0 0 0 0 0 0 0 0 0 0 0 277 277 277 277 277 275 271 271 276 277 277 277 277 277 0 0 0
0 0 0 0 0 0 0 0 0 0 0 0 0 0 0 0 0 0 0 0 0 0 0 0 0 0 278 0 0 0 0 280 271 271 281 282 282 282 283 279 0 0 0
0 0 0 0 0 0 0 0 0 0 0 0 0 0 0 0 0 0 0 0 0 0 0 0 0 0 278 0 0 0 0 280 271 271 271 271 271 271 287 279 0 0 0
0 0 0 0 0 0 0 0 0 0 0 0 0 0 0 0 0 0 0 0 0 0 0 0 0 0 278 0 0 0 0 284 286 286 286 286 285 271 287 279 0 0 0
0 0 0 0 0 0 0 0 0 0 0 0 0 0 0 0 0 0 0 0 0 0 0 0 0 0 288 289 289 289 289 76 290 291 290 291 280 271 287 292 0 0 0
0 0 0 0 0 0 0 0 0 0 0 0 0 0 0 0 0 0 0 0 0 0 0 0 0 0 293 0 0 0 0 76 295 296 296 296 297 298 299 294 0 0 0
0 0 0 0 0 0 0 0 0 0 0 0 0 0 0 0 0 0 0 0 0 0 0 0 0 0 293 0 0 0 0 76 403 298 298 298 298 298 299 294 0 0 0
0 0 0 0 0 0 0 0 0 0 0 0 0 0 0 0 0 0 0 0 0 0 0 0 0 0 293 0 0 0 0 76 403 298 298 298 298 298 299 294 0 0 0
0 0 0 0 0 0 0 0 0 0 0 0 0 0 0 0 0 0 0 0 0 0 0 0 0 0 293 291 291 291 291 76 400 401 401 401 402 298 299 294 0 0 0
0 0 0 0 0 0 0 0 0 0 0 0 0 0 0 0 0 0 0 0 0 0 0 0 0 0 293 0 0 0 0 0 0 0 0 0 280 271 287 294 0 0 0
0 0 0 0 0 0 0 0 0 0 0 0 0 0 0 0 0 0 0 0 0 0 0 0 0 0 293 0 0 0 0 0 0 0 0 0 280 271 287 294 0 0 0
0 0 0 0 0 0 0 0 0 0 0 0 0 0 0 0 0 0 0 0 0 0 0 0 0 0 293 0 0 0 0 0 0 0 0 0 403 298 299 294 0 0 0
0 0 0 0 0 0 0 0 0 0 0 0 0 0 0 0 0 0 0 0 0 0 0 0 0 0 404 76 76 291 291 291 76 76 76 76 403 298 299 405 0 0 0
0 0 0 0 0 0 0 0 0 0 0 0 0 0 0 0 0 0 0 0 0 0 0 0 0 0 278 0 0 0 0 0 0 407 282 282 406 298 299 279 0 0 0
0 0 0 0 0 0 0 0 0 0 0 0 0 0 0 0 0 0 0 0 0 0 0 0 0 0 278 0 0 0 0 0 0 280 271 271 298 298 299 279 0 0 0
0 0 0 0 0 0 0 0 0 0 0 0 0 0 0 0 0 0 0 0 0 0 0 0 0 0 278 0 0 0 0 0 0 280 271 408 286 286 409 279 0 0 0
0 0 0 0 0 0 0 0 0 0 0 0 0 0 0 0 0 0 0 0 0 0 0 0 0 0 278 0 407 282 282 282 282 410 271 287 0 0 0 279 0 0 0
0 0 0 0 0 0 0 0 0 0 0 0 0 0 0 0 0 0 0 0 0 0 0 0 0 0 278 0 280 271 271 271 271 271 271 287 0 0 0 279 0 0 0
0 0 0 0 0 0 0 0 0 0 0 0 0 0 0 0 0 0 0 0 0 0 0 0 0 0 278 0 280 271 408 286 286 286 286 409 0 0 0 279 0 0 0
0 0 0 0 0 0 0 0 0 0 0 0 0 0 0 0 0 0 0 0 0 0 0 0 0 0 278 0 280 271 287 0 0 0 0 0 0 0 0 279 0 0 0
0 0 0 0 0 0 0 0 0 0 0 0 0 0 0 0 0 0 0 0 0 0 0 0 0 0 411 289 280 271 287 289 289 289 289 289 289 289 289 412 0 0 0
0 0 0 0 0 0 0 0 0 0 0 0 0 0 0 0 0 0 0 0 0 0 0 0 0 0 278 0 280 271 413 282 282 282 282 282 282 282 282 420 0 0 0
0 0 0 0 0 0 0 0 0 0 0 0 0 0 0 0 0 0 0 0 0 0 0 0 0 0 278 0 280 271 271 271 271 271 271 271 271 271 271 419 0 0 0
0 0 0 0 0 0 0 0 0 0 0 0 0 0 0 0 0 0 0 0 0 0 0 0 0 0 278 0 414 286 286 286 286 286 286 286 286 285 271 419 0 0 0
0 0 0 0 0 0 0 0 0 0 0 0 0 0 0 0 0 0 0 0 0 0 0 0 0 0 278 0 0 0 0 0 0 208 208 208 208 280 271 419 0 0 0
0 0 0 0 0 0 0 0 0 0 0 0 0 0 0 0 0 0 0 0 0 0 0 0 0 0 415 291 291 291 291 291 291 208 208 208 208 416 417 419 0 0 0
0 0 0 0 0 0 0 0 0 0 0 0 0 0 0 0 0 0 0 0 0 0 0 0 0 0 278 0 0 0 0 0 0 208 208 208 208 280 271 419 0 0 0
0 0 0 0 0 0 0 0 0 0 0 0 0 0 0 0 0 0 0 0 0 0 0 0 0 0 278 0 0 0 0 0 0 208 208 208 208 280 271 419 0 0 0
0 0 0 0 0 0 0 0 0 0 0 0 0 0 0 0 0 0 0 0 0 0 0 0 0 0 421 422 422 422 422 422 422 422 422 422 422 410 271 419 0 0 0
0 0 0 0 0 0 0 0 0 0 0 0 0 0 0 0 0 0 0 0 0 0 0 0 0 0 423 271 271 271 271 271 271 271 271 271 271 271 271 419 0 0 0
0 0 0 0 0 0 0 0 0 0 0 0 0 0 0 0 0 0 0 0 0 0 0 0 0 0 424 425 426 271 271 427 425 425 425 425 425 425 425 428 0 0 0 0
0 0 0 0 0 0 0 0 0 0 0 0 0 0 0 0 0 0 0 0 0 0 0 0 0 0 278 0 280 298 298 281 282 283 0 295 296 429 0 279 0 0 0
0 0 0 0 0 0 0 0 0 0 0 0 0 0 0 0 0 0 0 0 0 0 0 0 0 0 278 0 280 298 430 401 285 287 0 403 298 299 0 279 0 0 0
0 0 0 0 0 0 0 0 0 0 0 0 0 0 0 0 0 0 0 0 0 0 0 0 0 0 278 295 297 298 299 0 280 413 296 297 298 299 0 279 0 0 0
0 0 0 0 0 0 0 0 0 0 0 0 0 0 0 0 0 0 0 0 0 0 0 0 0 0 278 400 401 401 431 0 280 433 432 432 432 431 0 279 0 0 0
0 0 0 0 0 0 0 0 0 0 0 0 0 0 0 0 0 0 0 0 0 0 0 0 0 0 424 425 425 425 425 434 436 437 435 425 425 425 425 428 0 0 0
0 0 0 0 0 0 0 0 0 0 0 0 0 0 0 0 0 0 0 0 0 0 0 0 0 0 278 0 0 0 0 438 436 437 439 0 0 0 0 279 0 0 0
0 0 0 0 0 0 0 0 0 0 0 0 0 0 0 0 0 0 0 0 0 0 0 0 0 0 278 0 0 0 0 438 436 437 439 0 0 0 0 279 0 0 0
0 0 0 0 0 0 0 0 0 0 0 0 0 0 0 0 0 0 0 0 0 0 0 0 0 0 278 0 0 0 0 438 436 437 439 0 0 0 0 279 0 0 0
0 0 0 0 0 0 0 0 0 0 0 0 0 0 0 0 0 0 0 0 0 0 0 0 0 0 278 0 0 0 0 438 436 437 439 0 0 0 0 279 0 0 0
0 0 0 0 0 0 0 0 0 0 0 0 0 0 0 0 0 0 0 0 0 0 442 446 446 446 441 446 446 446 446 440 436 437 443 446 446 446 446 444 445 0 0
0 0 0 0 0 0 0 0 0 0 0 0 0 0 0 0 0 0 0 0 0 0 447 449 450 450 450 450 450 450 450 450 451 452 450 450 450 450 450 498 448 0 0
0 0 0 0 0 0 0 0 0 0 0 0 0 0 0 0 0 0 0 0 0 0 447 454 456 457 458 459 476 476 476 476 476 476 476 477 478 479 480 497 448 0 0
0 0 0 0 0 0 0 0 0 0 0 0 0 0 0 0 0 0 0 0 0 0 447 454 460 461 462 463 476 476 476 602 476 476 476 481 482 483 484 497 448 0 0
0 0 0 0 0 0 0 0 0 0 0 0 0 0 0 0 0 0 0 0 0 0 447 454 464 465 466 467 600 476 476 603 476 476 605 485 486 487 488 497 448 0 0
0 0 0 0 0 0 0 0 0 0 0 0 0 0 0 0 0 0 0 0 0 0 447 454 468 469 470 471 601 476 476 603 476 476 606 489 490 491 492 497 448 0 0
0 0 0 0 0 0 0 0 0 0 0 0 0 0 0 0 0 0 0 0 0 0 447 454 472 473 474 475 499 476 476 604 476 476 499 493 494 495 496 647 448 0 0
0 0 0 0 0 0 0 0 0 0 0 0 0 0 0 0 0 0 0 0 0 0 447 607 476 476 476 476 476 476 476 476 476 476 476 476 476 476 476 648 448 0 0
0 0 0 0 0 0 0 0 0 0 0 0 0 0 0 0 0 0 0 0 0 0 447 608 476 476 476 602 476 408 611 612 613 614 615 616 285 476 476 675 448 0 0
0 0 0 0 0 0 0 0 0 0 0 0 0 0 0 0 0 0 0 0 0 0 447 609 286 286 286 610 285 287 617 618 619 620 621 622 280 476 476 675 448 0 0
0 0 0 0 0 0 0 0 0 0 0 0 0 0 0 0 0 0 0 0 0 0 447 649 650 651 652 653 280 287 623 624 625 626 627 628 607 476 476 675 448 0 0
0 0 0 0 0 0 0 0 0 0 0 0 0 0 0 0 0 0 0 0 0 0 447 654 655 656 657 658 280 287 629 630 631 632 633 634 608 476 476 675 448 0 0
0 0 0 0 0 0 0 0 0 0 0 0 0 0 0 0 0 0 0 0 0 0 447 659 660 661 662 663 280 287 635 636 637 638 639 640 678 476 476 675 448 0 0
0 0 0 0 0 0 0 0 0 0 0 0 0 0 0 0 0 0 0 0 0 0 447 407 282 282 282 282 410 287 641 642 643 644 645 646 676 677 476 675 448 0 0
0 0 0 0 0 0 0 0 0 0 0 0 0 0 0 0 0 0 0 0 0 0 447 454 671 271 271 271 271 452 282 282 282 282 282 282 410 476 476 675 448 0 0
0 0 0 0 0 0 0 0 0 0 0 0 0 0 0 0 0 0 0 0 0 0 447 414 672 285 271 408 286 673 673 673 673 673 673 673 673 673 673 674 448 0 0
0 0 0 0 0 0 0 0 0 0 0 0 0 0 0 0 0 0 0 0 0 0 664 665 666 667 668 669 666 664 670 670 670 670 670 670 670 670 670 670 665 0 0
0 0 0 0 0 0 0 0 0 0 0 0 0 0 0 0 0 0 0 0 0 0 0 0 0 0 0 0 0 0 0 0 0 0 0 0 0 0 0 0 0 0 0
0 0 0 0 0 0 0 0 0 0 0 0 0 0 0 0 0 0 0 0 0 0 0 0 0 0 0 0 0 0 0 0 0 0 0 0 0 0 0 0 0 0 0
0 0 0 0 0 0 0 0 0 0 0 0 0 0 0 0 0 0 0 0 0 0 0 0 0 0 0 0 0 0 0 0 0 0 0 0 0 0 0 0 0 0 0
0 0 0 0 0 0 0 0 0 0 0 0 0 0 0 0 0 0 0 0 0 0 0 0 0 0 0 0 0 0 0 0 0 0 0 0 0 0 0 0 0 0 0
0 0 0 0 0 0 0 0 0 0 0 0 0 0 0 0 0 0 0 0 0 0 0 0 0 0 0 0 0 0 0 0 0 0 0 0 0 0 0 0 0 0 0
0 0 0 0 0 0 0 0 0 0 0 0 0 0 0 0 0 0 0 0 0 0 0 0 0 0 0 0 0 0 0 0 0 0 0 0 0 0 0 0 0 0 0
0 0 0 0 0 0 0 0 0 0 0 0 0 0 0 0 0 0 0 0 0 0 0 0 0 0 0 0 0 0 0 0 0 0 0 0 0 0 0 0 0 0 0
0 0 0 0 0 0 0 0 0 0 0 0 0 0 0 0 0 0 0 0 0 0 0 0 0 0 0 0 0 0 0 0 0 0 0 0 0 0 0 0 0 0 0
0 0 0 0 0 0 0 0 0 0 0 0 0 0 0 0 0 0 0 0 0 0 0 0 0 0 0 0 0 0 0 0 0 0 0 0 0 0 0 0 0 0 0
0 0 0 0 0 0 0 0 0 0 0 0 0 0 0 0 0 0 0 0 0 0 0 0 0 0 0 0 0 0 0 0 0 0 0 0 0 0 0 0 0 0 0
0 0 0 0 0 0 0 0 0 0 0 0 0 0 0 0 0 0 0 0 0 0 0 0 0 0 0 0 0 0 0 0 0 0 0 0 0 0 0 0 0 0 0
0 0 0 0 0 0 0 0 0 0 0 0 0 0 0 0 0 0 0 0 0 0 0 0 0 0 0 0 0 0 0 0 0 0 0 0 0 0 0 0 0 0 0
0 0 0 0 0 0 0 0 0 0 0 0 0 0 0 0 0 0 0 0 0 0 0 0 0 0 0 0 0 0 0 0 0 0 0 0 0 0 0 0 0 0 0
0 0 0 0 0 0 0 0 0 0 0 0 0 0 0 0 0 0 0 0 0 0 0 0 0 0 0 0 0 0 0 0 0 0 0 0 0 0 0 0 0 0 0
0 0 0 0 0 0 0 0 0 0 0 0 0 0 0 0 0 0 0 0 0 0 0 0 0 0 0 0 0 0 0 0 0 0 0 0 0 0 0 0 0 0 0
0 0 0 0 0 0 0 0 0 0 0 0 0 0 0 0 0 0 0 0 0 0 0 0 0 0 0 0 0 0 0 0 0 0 0 0 0 0 0 0 0 0 0